600
83 166
86 172
77 154
15 30
93 186
35 70
86 172
92 184
49 98
21 42
62 124
27 54
90 180
59 118
63 126
26 52
40 80
26 52
72 144
36 72
11 22
68 136
67 134
29 58
82 164
30 60
62 124
23 46
67 134
35 70
29 58
2 4
22 44
58 116
69 138
67 134
93 186
56 112
11 22
42 84
29 58
73 146
21 42
19 38
84 168
37 74
98 196
24 48
15 30
70 140
13 26
26 52
91 182
80 160
56 112
73 146
62 124
70 140
96 192
81 162
5 10
25 50
84 168
27 54
36 72
5 10
46 92
29 58
13 26
57 114
24 48
95 190
82 164
45 90
14 28
67 134
34 68
64 128
43 86
50 100
87 174
8 16
76 152
78 156
88 176
84 168
3 6
51 102
54 108
99 198
32 64
60 120
76 152
68 136
39 78
12 24
26 52
86 172
94 188
39 78
95 190
70 140
34 68
78 156
67 134
1 2
97 194
2 4
17 34
92 184
52 104
56 112
1 2
80 160
86 172
41 82
65 130
89 178
44 88
19 38
40 80
29 58
31 62
17 34
97 194
71 142
81 162
75 150
9 18
27 54
67 134
56 112
97 194
53 106
86 172
65 130
6 12
83 166
19 38
24 48
28 56
71 142
32 64
29 58
3 6
19 38
70 140
68 136
8 16
15 30
40 80
49 98
96 192
23 46
18 36
45 90
46 92
51 102
21 42
55 110
79 158
88 176
64 128
28 56
41 82
50 100
93 186
0 0
34 68
64 128
24 48
14 28
87 174
56 112
43 86
91 182
27 54
65 130
59 118
36 72
32 64
51 102
37 74
28 56
75 150
7 14
74 148
21 42
58 116
95 190
29 58
37 74
35 70
93 186
18 36
28 56
43 86
11 22
28 56
29 58
76 152
4 8
43 86
63 126
13 26
38 76
6 12
40 80
4 8
18 36
28 56
88 176
69 138
17 34
17 34
96 192
24 48
43 86
70 140
83 166
90 180
99 198
72 144
25 50
44 88
90 180
5 10
39 78
54 108
86 172
69 138
82 164
42 84
64 128
97 194
7 14
55 110
4 8
48 96
11 22
22 44
28 56
99 198
43 86
46 92
68 136
40 80
22 44
11 22
10 20
5 10
1 2
61 122
30 60
78 156
5 10
20 40
36 72
44 88
26 52
22 44
65 130
8 16
16 32
82 164
58 116
24 48
37 74
62 124
24 48
0 0
36 72
52 104
99 198
79 158
50 100
68 136
71 142
73 146
31 62
81 162
30 60
33 66
94 188
60 120
63 126
99 198
81 162
99 198
96 192
59 118
73 146
13 26
68 136
90 180
95 190
26 52
66 132
84 168
40 80
90 180
84 168
76 152
42 84
36 72
7 14
45 90
56 112
79 158
18 36
87 174
12 24
48 96
72 144
59 118
9 18
36 72
10 20
42 84
87 174
6 12
1 2
13 26
72 144
21 42
55 110
19 38
99 198
21 42
4 8
39 78
11 22
40 80
67 134
5 10
28 56
27 54
50 100
84 168
58 116
20 40
24 48
22 44
69 138
96 192
81 162
30 60
84 168
92 184
72 144
72 144
50 100
25 50
85 170
22 44
99 198
40 80
42 84
98 196
13 26
98 196
90 180
24 48
90 180
9 18
81 162
19 38
36 72
32 64
55 110
94 188
4 8
79 158
69 138
73 146
76 152
50 100
55 110
60 120
42 84
79 158
84 168
93 186
5 10
21 42
67 134
4 8
13 26
61 122
54 108
26 52
59 118
44 88
2 4
2 4
6 12
84 168
21 42
42 84
68 136
28 56
89 178
72 144
8 16
58 116
98 196
36 72
8 16
53 106
48 96
3 6
33 66
33 66
48 96
90 180
54 108
67 134
46 92
68 136
29 58
0 0
46 92
88 176
97 194
49 98
90 180
3 6
33 66
63 126
97 194
53 106
92 184
86 172
25 50
52 104
96 192
75 150
88 176
57 114
29 58
36 72
60 120
14 28
21 42
60 120
4 8
28 56
27 54
50 100
48 96
56 112
2 4
94 188
97 194
99 198
43 86
39 78
2 4
28 56
3 6
0 0
81 162
47 94
38 76
59 118
51 102
35 70
34 68
39 78
92 184
15 30
27 54
4 8
29 58
49 98
64 128
85 170
29 58
43 86
35 70
77 154
0 0
38 76
71 142
49 98
89 178
67 134
88 176
92 184
95 190
43 86
44 88
29 58
90 180
82 164
40 80
41 82
69 138
26 52
32 64
61 122
42 84
60 120
17 34
23 46
61 122
81 162
9 18
90 180
25 50
96 192
67 134
77 154
34 68
90 180
26 52
24 48
57 114
14 28
68 136
5 10
58 116
12 24
86 172
0 0
46 92
26 52
94 188
16 32
52 104
78 156
29 58
46 92
90 180
47 94
70 140
51 102
80 160
31 62
93 186
57 114
27 54
12 24
86 172
14 28
55 110
12 24
90 180
12 24
79 158
10 20
69 138
89 178
74 148
55 110
41 82
20 40
33 66
87 174
88 176
38 76
66 132
70 140
84 168
56 112
17 34
6 12
60 120
49 98
37 74
5 10
59 118
17 34
18 36
45 90
83 166
73 146
58 116
73 146
37 74
89 178
83 166
7 14
78 156
57 114
14 28
71 142
29 58
0 0
59 118
18 36
38 76
25 50
88 176
74 148
33 66
57 114
81 162
93 186
58 116
